/**
 * Intel Library for Video Super Resolution
 *
 * Copyright (c) 2022 Intel Corporation
 * All rights reserved.
 */

#include "Raisr.h"
#include <fstream>
#include <iterator>
#include <iostream>
#include <sstream>
#include <ipp.h>
#include <cstring>
#include <cmath>
#include <immintrin.h>
#include "ThreadPool.h"
#include "cpuid.h"
#include <chrono>

#ifndef WIN32
#include <unistd.h>
#endif

//#define MEASURE_TIME

/************************************************************
 *   const variables
 ************************************************************/
#define MAX8BIT_FULL  0xff
#define MAX10BIT_FULL 0x3ff
#define MAX16BIT_FULL 0xffff
#define MIN_FULL 0

#define MAX8BIT_VIDEO 235
#define MIN8BIT_VIDEO 16
#define MAX10BIT_VIDEO 940
#define MIN10BIT_VIDEO 64

const float PI = 3.141592653;
// the sigma value of the Gaussian filter
const float sigma = 2.0f;
// CT blending parameters
const int CTwindowSize = 3;
const int CTnumberofPixel = CTwindowSize * CTwindowSize - 1;
const int CTmargin = CTwindowSize >> 1;
const int gHashingExpand = CTmargin + 1; // Segment is again expanded by CTmargin so that all the rows in the segment can be processed by CTCountOfBitsChanged(). "+1" is to make sure the resize zone is even.
static unsigned int gRatio;
static ASMType gAsmType;
static unsigned int gBitDepth;

// Process multiple columns in each pass of the loop
// This is a tunable, may depend on cache size of a platform
// This also results in additional memory requirements
const int unrollSizeImageBased = 4;
// unrollSizePatchBased should be at least 2
const int unrollSizePatchBased = 8;

/************************************************************
 *   preprocessor directives
 ************************************************************/
//#define USE_ATAN2_APPROX
#define ENABLE_PREFETCH
// Split memcpy of a column into the for loop in RNLProcess
// This should result in lower working set for memory
#define SPLIT_MEMCPY

#define BYTES_16BITS 2
#define likely(x)   __builtin_expect(!!(x), 1)
#define unlikely(x) __builtin_expect(!!(x), 0)

// Default method is bilinear upscaling. To enable other, enable the option below
// If both are options are commented out, bilinear method is used for upscaling
//#define USE_BICUBIC
//#define USE_LANCZOS
#ifdef USE_BICUBIC
#define IPP_RESIZE_TYPE ippCubic
#define IPPRInit(depth) ippiResizeCubicInit_##depth##u
#define IPPResize(depth) ippiResizeCubic_##depth##u_C1R
#else
#ifdef USE_LANCZOS
#define IPP_RESIZE_TYPE ippLanczos
#define IPPRInit(depth) ippiResizeLanczosInit_##depth##u
#define IPPResize(depth) ippiResizeLanczos_##depth##u_C1R
#else
#define IPP_RESIZE_TYPE ippLinear
#define IPPRInit(depth) ippiResizeLinearInit_##depth##u
#define IPPResize(depth) ippiResizeLinear_##depth##u_C1R
#endif
#endif

/************************************************************
 *   data structures
 ************************************************************/
// row range in HR [startRow, endRow)
/** processing zones:                                     cols
 Cheap upscale zone             |    .....................................................
                                |    ..................gResizeExpand......................
                                |    .....................................................
 Raisr hashing zone       |     |    ******************gHashingExpand*********************
 Blending zone      |     |     |    #####################################################
                    |     |     |    #####################################################
                    |     |     |    #####################################################
                          |     |    *****************************************************
                                |    .....................................................
                                |    .....................................................
                                |    .....................................................
*/
struct segZone
{
    // zone to perform cheap up scale
    int scaleStartRow;
    int scaleEndRow;
    // zone to perform RAISR refine
    int raisrStartRow;
    int raisrEndRow;
    // zone to perform CT-Blending ==> composed final output
    int blendingStartRow;
    int blendingEndRow;
    // cheap upscaled segment, hold 8/10/16bit data
    Ipp8u *inYUpscaled;
    // cheap upscaled segment in 32f
    float *inYUpscaled32f;
    // raiser hashing output in 32f, first copy inYUpscaled32f, then refine pixel value
    float *raisr32f;
};

struct ippContext
{
    IppiResizeSpec_32f **specY;
    IppiResizeSpec_32f *specUV;

    segZone *segZones[2]; // need 2d segZones for the resize is in the 2nd pass
    Ipp8u **pbufferY;     // working buffer is always 8u
    Ipp8u *pbufferUV;     // working buffer is always 8u
};

enum class CHANNEL
{
    NONE = 0,
    Y,
    UV
};

/************************************************************
 *   global variables
 ************************************************************/
// IPP context
ippContext gIppCtx;

// Quantization values
static unsigned int gQuantizationAngle;
static unsigned int gQuantizationStrength;
static unsigned int gQuantizationCoherence;
static float gQAngle;

// patch size related globals
static unsigned int gPatchSize;
static unsigned int gPatchMargin;
static unsigned int gLoopMargin;
static unsigned int gResizeExpand; // Segment is expanded by gLoopMargin so that the whole patch area is covered. Expand by 2 to avoid border that ipp resize modified.
static unsigned int g64AlinedgPatchAreaSize;

// vectors to hold trained data
std::vector<float> gQStr;
std::vector<float> gQCoh;
std::vector<std::vector<float *>> gFilterBuckets;
std::vector<float> gQStr2;
std::vector<float> gQCoh2;
std::vector<std::vector<float *>> gFilterBuckets2;

// contiguous memory to hold all filters
float *gFilterBuffer;
float *gFilterBuffer2;
VideoDataType *gIntermediateY; // Buffer to hold intermediate result for two pass
volatile int threadStatus[120];

// threading related used in patch-based approach
static int gThreadCount = 0;
ThreadPool *gPool = nullptr;

// pointer to gaussian filter allocated dynamiclly
static float *gPGaussian = nullptr;

// gPasses = 1 means one pass processing, gPasses = 2 means two pass processing.
static int gPasses = 1;
static int gTwoPassMode = 1;

// color range
static unsigned char gMin8bit;
static unsigned char gMax8bit;
static unsigned short gMin16bit;
static unsigned short gMax16bit;

// pre-caculated gaussian filter.
// gaussian kernel (arrary with size gPatchSize * gPatchSize).
// normalization factor for 8/10/16 bits. 2.0 is from gradient compute.
#define NF_8  (1.0f / (255.0f   * 255.0f   * 2.0f * 2.0f))
#define NF_10 (1.0f / (1023.0f  * 1023.0f  * 2.0f * 2.0f))
#define NF_16 (1.0f / (65535.0f * 65535.0f * 2.0f * 2.0f))

// createGaussianKernel()
static float gGaussian2DOriginal[11][16] = {
    {0.0, 7.76554e-05,  0.000239195, 0.0005738, 0.001072,  0.00155975,0.00176743,0.00155975,0.001072,  0.0005738, 0.000239195,7.76554e-05, 0.0, 0.0, 0.0, 0.0 },
    {0.0, 0.000239195,  0.000736774, 0.00176743,0.00330199,0.00480437,0.00544406,0.00480437,0.00330199,0.00176743,0.000736774,0.000239195, 0.0, 0.0, 0.0, 0.0 },
    {0.0, 0.0005738,    0.00176743,  0.00423984,0.00792107,0.0115251, 0.0130596, 0.0115251, 0.00792107,0.00423984,0.00176743, 0.0005738,   0.0, 0.0, 0.0, 0.0 },
    {0.0, 0.001072,     0.00330199,  0.00792107,0.0147985, 0.0215317, 0.0243986, 0.0215317, 0.0147985, 0.00792107,0.00330199, 0.001072,    0.0, 0.0, 0.0, 0.0 },
    {0.0, 0.00155975,   0.00480437,  0.0115251, 0.0215317, 0.0313284, 0.0354998, 0.0313284, 0.0215317, 0.0115251, 0.00480437, 0.00155975,  0.0, 0.0, 0.0, 0.0 },
    {0.0, 0.00176743,   0.00544406,  0.0130596, 0.0243986, 0.0354998, 0.0402265, 0.0354998, 0.0243986, 0.0130596, 0.00544406, 0.00176743,  0.0, 0.0, 0.0, 0.0 },
    {0.0, 0.00155975,   0.00480437,  0.0115251, 0.0215317, 0.0313284, 0.0354998, 0.0313284, 0.0215317, 0.0115251, 0.00480437, 0.00155975,  0.0, 0.0, 0.0, 0.0 },
    {0.0, 0.001072,     0.00330199,  0.00792107,0.0147985, 0.0215317, 0.0243986, 0.0215317, 0.0147985, 0.00792107,0.00330199, 0.001072,    0.0, 0.0, 0.0, 0.0 },
    {0.0, 0.0005738,    0.00176743,  0.00423984,0.00792107,0.0115251, 0.0130596, 0.0115251, 0.00792107,0.00423984,0.00176743, 0.0005738,   0.0, 0.0, 0.0, 0.0 },
    {0.0, 0.000239195,  0.000736774, 0.00176743,0.00330199,0.00480437,0.00544406,0.00480437,0.00330199,0.00176743,0.000736774,0.000239195, 0.0, 0.0, 0.0, 0.0 },
    {0.0, 7.76554e-05,  0.000239195, 0.0005738, 0.001072,  0.00155975,0.00176743,0.00155975,0.001072,  0.0005738, 0.000239195,7.76554e-05, 0.0, 0.0, 0.0, 0.0 }};

// createGaussianKernel() * (1.0/255.0*2.0) * (1.0/255.0*2.0)
static float gGaussian2D8bit[11][16] = {
    {0.0, NF_8*7.76554e-05,  NF_8*0.000239195, NF_8*0.0005738, NF_8*0.001072,  NF_8*0.00155975,NF_8*0.00176743,NF_8*0.00155975,NF_8*0.001072,  NF_8*0.0005738, NF_8*0.000239195,NF_8*7.76554e-05, 0.0, 0.0, 0.0, 0.0 },
    {0.0, NF_8*0.000239195,  NF_8*0.000736774, NF_8*0.00176743,NF_8*0.00330199,NF_8*0.00480437,NF_8*0.00544406,NF_8*0.00480437,NF_8*0.00330199,NF_8*0.00176743,NF_8*0.000736774,NF_8*0.000239195, 0.0, 0.0, 0.0, 0.0 },
    {0.0, NF_8*0.0005738,    NF_8*0.00176743,  NF_8*0.00423984,NF_8*0.00792107,NF_8*0.0115251, NF_8*0.0130596, NF_8*0.0115251, NF_8*0.00792107,NF_8*0.00423984,NF_8*0.00176743, NF_8*0.0005738,   0.0, 0.0, 0.0, 0.0 },
    {0.0, NF_8*0.001072,     NF_8*0.00330199,  NF_8*0.00792107,NF_8*0.0147985, NF_8*0.0215317, NF_8*0.0243986, NF_8*0.0215317, NF_8*0.0147985, NF_8*0.00792107,NF_8*0.00330199, NF_8*0.001072,    0.0, 0.0, 0.0, 0.0 },
    {0.0, NF_8*0.00155975,   NF_8*0.00480437,  NF_8*0.0115251, NF_8*0.0215317, NF_8*0.0313284, NF_8*0.0354998, NF_8*0.0313284, NF_8*0.0215317, NF_8*0.0115251, NF_8*0.00480437, NF_8*0.00155975,  0.0, 0.0, 0.0, 0.0 },
    {0.0, NF_8*0.00176743,   NF_8*0.00544406,  NF_8*0.0130596, NF_8*0.0243986, NF_8*0.0354998, NF_8*0.0402265, NF_8*0.0354998, NF_8*0.0243986, NF_8*0.0130596, NF_8*0.00544406, NF_8*0.00176743,  0.0, 0.0, 0.0, 0.0 },
    {0.0, NF_8*0.00155975,   NF_8*0.00480437,  NF_8*0.0115251, NF_8*0.0215317, NF_8*0.0313284, NF_8*0.0354998, NF_8*0.0313284, NF_8*0.0215317, NF_8*0.0115251, NF_8*0.00480437, NF_8*0.00155975,  0.0, 0.0, 0.0, 0.0 },
    {0.0, NF_8*0.001072,     NF_8*0.00330199,  NF_8*0.00792107,NF_8*0.0147985, NF_8*0.0215317, NF_8*0.0243986, NF_8*0.0215317, NF_8*0.0147985, NF_8*0.00792107,NF_8*0.00330199, NF_8*0.001072,    0.0, 0.0, 0.0, 0.0 },
    {0.0, NF_8*0.0005738,    NF_8*0.00176743,  NF_8*0.00423984,NF_8*0.00792107,NF_8*0.0115251, NF_8*0.0130596, NF_8*0.0115251, NF_8*0.00792107,NF_8*0.00423984,NF_8*0.00176743, NF_8*0.0005738,   0.0, 0.0, 0.0, 0.0 },
    {0.0, NF_8*0.000239195,  NF_8*0.000736774, NF_8*0.00176743,NF_8*0.00330199,NF_8*0.00480437,NF_8*0.00544406,NF_8*0.00480437,NF_8*0.00330199,NF_8*0.00176743,NF_8*0.000736774,NF_8*0.000239195, 0.0, 0.0, 0.0, 0.0 },
    {0.0, NF_8*7.76554e-05,  NF_8*0.000239195, NF_8*0.0005738, NF_8*0.001072,  NF_8*0.00155975,NF_8*0.00176743,NF_8*0.00155975,NF_8*0.001072,  NF_8*0.0005738, NF_8*0.000239195,NF_8*7.76554e-05, 0.0, 0.0, 0.0, 0.0 }};

static float gGaussian2D10bit[11][16] = {
    {0.0, NF_10*7.76554e-05,  NF_10*0.000239195, NF_10*0.0005738, NF_10*0.001072,  NF_10*0.00155975,NF_10*0.00176743,NF_10*0.00155975,NF_10*0.001072,  NF_10*0.0005738, NF_10*0.000239195,NF_10*7.76554e-05, 0.0, 0.0, 0.0, 0.0 },
    {0.0, NF_10*0.000239195,  NF_10*0.000736774, NF_10*0.00176743,NF_10*0.00330199,NF_10*0.00480437,NF_10*0.00544406,NF_10*0.00480437,NF_10*0.00330199,NF_10*0.00176743,NF_10*0.000736774,NF_10*0.000239195, 0.0, 0.0, 0.0, 0.0 },
    {0.0, NF_10*0.0005738,    NF_10*0.00176743,  NF_10*0.00423984,NF_10*0.00792107,NF_10*0.0115251, NF_10*0.0130596, NF_10*0.0115251, NF_10*0.00792107,NF_10*0.00423984,NF_10*0.00176743, NF_10*0.0005738,   0.0, 0.0, 0.0, 0.0 },
    {0.0, NF_10*0.001072,     NF_10*0.00330199,  NF_10*0.00792107,NF_10*0.0147985, NF_10*0.0215317, NF_10*0.0243986, NF_10*0.0215317, NF_10*0.0147985, NF_10*0.00792107,NF_10*0.00330199, NF_10*0.001072,    0.0, 0.0, 0.0, 0.0 },
    {0.0, NF_10*0.00155975,   NF_10*0.00480437,  NF_10*0.0115251, NF_10*0.0215317, NF_10*0.0313284, NF_10*0.0354998, NF_10*0.0313284, NF_10*0.0215317, NF_10*0.0115251, NF_10*0.00480437, NF_10*0.00155975,  0.0, 0.0, 0.0, 0.0 },
    {0.0, NF_10*0.00176743,   NF_10*0.00544406,  NF_10*0.0130596, NF_10*0.0243986, NF_10*0.0354998, NF_10*0.0402265, NF_10*0.0354998, NF_10*0.0243986, NF_10*0.0130596, NF_10*0.00544406, NF_10*0.00176743,  0.0, 0.0, 0.0, 0.0 },
    {0.0, NF_10*0.00155975,   NF_10*0.00480437,  NF_10*0.0115251, NF_10*0.0215317, NF_10*0.0313284, NF_10*0.0354998, NF_10*0.0313284, NF_10*0.0215317, NF_10*0.0115251, NF_10*0.00480437, NF_10*0.00155975,  0.0, 0.0, 0.0, 0.0 },
    {0.0, NF_10*0.001072,     NF_10*0.00330199,  NF_10*0.00792107,NF_10*0.0147985, NF_10*0.0215317, NF_10*0.0243986, NF_10*0.0215317, NF_10*0.0147985, NF_10*0.00792107,NF_10*0.00330199, NF_10*0.001072,    0.0, 0.0, 0.0, 0.0 },
    {0.0, NF_10*0.0005738,    NF_10*0.00176743,  NF_10*0.00423984,NF_10*0.00792107,NF_10*0.0115251, NF_10*0.0130596, NF_10*0.0115251, NF_10*0.00792107,NF_10*0.00423984,NF_10*0.00176743, NF_10*0.0005738,   0.0, 0.0, 0.0, 0.0 },
    {0.0, NF_10*0.000239195,  NF_10*0.000736774, NF_10*0.00176743,NF_10*0.00330199,NF_10*0.00480437,NF_10*0.00544406,NF_10*0.00480437,NF_10*0.00330199,NF_10*0.00176743,NF_10*0.000736774,NF_10*0.000239195, 0.0, 0.0, 0.0, 0.0 },
    {0.0, NF_10*7.76554e-05,  NF_10*0.000239195, NF_10*0.0005738, NF_10*0.001072,  NF_10*0.00155975,NF_10*0.00176743,NF_10*0.00155975,NF_10*0.001072,  NF_10*0.0005738, NF_10*0.000239195,NF_10*7.76554e-05, 0.0, 0.0, 0.0, 0.0 }};

static float gGaussian2D16bit[11][16] = {
    {0.0, NF_16*7.76554e-05,  NF_16*0.000239195, NF_16*0.0005738, NF_16*0.001072,  NF_16*0.00155975,NF_16*0.00176743,NF_16*0.00155975,NF_16*0.001072,  NF_16*0.0005738, NF_16*0.000239195,NF_16*7.76554e-05, 0.0, 0.0, 0.0, 0.0 },
    {0.0, NF_16*0.000239195,  NF_16*0.000736774, NF_16*0.00176743,NF_16*0.00330199,NF_16*0.00480437,NF_16*0.00544406,NF_16*0.00480437,NF_16*0.00330199,NF_16*0.00176743,NF_16*0.000736774,NF_16*0.000239195, 0.0, 0.0, 0.0, 0.0 },
    {0.0, NF_16*0.0005738,    NF_16*0.00176743,  NF_16*0.00423984,NF_16*0.00792107,NF_16*0.0115251, NF_16*0.0130596, NF_16*0.0115251, NF_16*0.00792107,NF_16*0.00423984,NF_16*0.00176743, NF_16*0.0005738,   0.0, 0.0, 0.0, 0.0 },
    {0.0, NF_16*0.001072,     NF_16*0.00330199,  NF_16*0.00792107,NF_16*0.0147985, NF_16*0.0215317, NF_16*0.0243986, NF_16*0.0215317, NF_16*0.0147985, NF_16*0.00792107,NF_16*0.00330199, NF_16*0.001072,    0.0, 0.0, 0.0, 0.0 },
    {0.0, NF_16*0.00155975,   NF_16*0.00480437,  NF_16*0.0115251, NF_16*0.0215317, NF_16*0.0313284, NF_16*0.0354998, NF_16*0.0313284, NF_16*0.0215317, NF_16*0.0115251, NF_16*0.00480437, NF_16*0.00155975,  0.0, 0.0, 0.0, 0.0 },
    {0.0, NF_16*0.00176743,   NF_16*0.00544406,  NF_16*0.0130596, NF_16*0.0243986, NF_16*0.0354998, NF_16*0.0402265, NF_16*0.0354998, NF_16*0.0243986, NF_16*0.0130596, NF_16*0.00544406, NF_16*0.00176743,  0.0, 0.0, 0.0, 0.0 },
    {0.0, NF_16*0.00155975,   NF_16*0.00480437,  NF_16*0.0115251, NF_16*0.0215317, NF_16*0.0313284, NF_16*0.0354998, NF_16*0.0313284, NF_16*0.0215317, NF_16*0.0115251, NF_16*0.00480437, NF_16*0.00155975,  0.0, 0.0, 0.0, 0.0 },
    {0.0, NF_16*0.001072,     NF_16*0.00330199,  NF_16*0.00792107,NF_16*0.0147985, NF_16*0.0215317, NF_16*0.0243986, NF_16*0.0215317, NF_16*0.0147985, NF_16*0.00792107,NF_16*0.00330199, NF_16*0.001072,    0.0, 0.0, 0.0, 0.0 },
    {0.0, NF_16*0.0005738,    NF_16*0.00176743,  NF_16*0.00423984,NF_16*0.00792107,NF_16*0.0115251, NF_16*0.0130596, NF_16*0.0115251, NF_16*0.00792107,NF_16*0.00423984,NF_16*0.00176743, NF_16*0.0005738,   0.0, 0.0, 0.0, 0.0 },
    {0.0, NF_16*0.000239195,  NF_16*0.000736774, NF_16*0.00176743,NF_16*0.00330199,NF_16*0.00480437,NF_16*0.00544406,NF_16*0.00480437,NF_16*0.00330199,NF_16*0.00176743,NF_16*0.000736774,NF_16*0.000239195, 0.0, 0.0, 0.0, 0.0 },
    {0.0, NF_16*7.76554e-05,  NF_16*0.000239195, NF_16*0.0005738, NF_16*0.001072,  NF_16*0.00155975,NF_16*0.00176743,NF_16*0.00155975,NF_16*0.001072,  NF_16*0.0005738, NF_16*0.000239195,NF_16*7.76554e-05, 0.0, 0.0, 0.0, 0.0 }};

/************************************************************
 *   helper functions
 ************************************************************/
#define ALIGNED_SIZE(size, align) (((size) + (align)-1) & ~((align)-1))

static bool is_machine_intel()
{
    bool ret = false;

    unsigned int eax = 0, ebx = 0, ecx = 0, edx = 0;

    __get_cpuid(0, &eax, &ebx, &ecx, &edx);

    char vendor_string[13];
    memcpy((vendor_string + 0), &ebx, 4);
    memcpy((vendor_string + 4), &edx, 4);
    memcpy((vendor_string + 8), &ecx, 4);
    vendor_string[12] = 0;

    if (!strcmp(vendor_string, "GenuineIntel"))
        ret = true;
    return ret;
}

template <typename DT>
static void createGaussianKernel(int n, double sigma, DT *result)
{
    DT sd_0_15 = 0.15;
    DT sd_0_35 = 0.35;
    DT sd_minus_0_125 = -0.5 * 0.25;

    DT sigmaX = DT(sigma);
    DT scale2X = sd_minus_0_125 / (sigmaX * sigmaX);

    int n2_ = (n - 1) / 2;
    std::vector<DT> values;
    DT sum = DT(0);
    for (int i = 0, x = 1 - n; i < n2_; i++, x += 2)
    {
        DT t = std::exp(DT(x * x) * scale2X);
        values.push_back(t);
        sum += t;
    }
    sum *= DT(2);
    sum += DT(1);
    if ((n & 1) == 0)
    {
        sum += DT(1);
    }

    DT mul1 = DT(1) / sum;

    DT sum2 = DT(0);
    for (int i = 0; i < n2_; i++)
    {
        DT t = values[i] * mul1;
        result[i] = t;
        result[n - 1 - i] = t;
        sum2 += t;
    }
    sum2 *= DT(2);
    result[n2_] = DT(1) * mul1;
    sum2 += result[n2_];
    if ((n & 1) == 0)
    {
        result[n2_ + 1] = result[n2_];
        sum2 += result[n2_];
    }
}

static RNLERRORTYPE VerifyTrainedData(std::string input, std::string file_type, std::string path)
{
    for (const char &c : input)
    {
        // c = '-' or '.' or [0:9]
        if (c < '-' || c > '9' || c == '/')
        {
            std::cout << "[RAISR ERROR] " << file_type << " corrupted: " << path << std::endl;
            return RNLErrorBadParameter;
        }
    }

    // multiple dots or dot in first place
    if (input.find_first_of('.') != input.find_last_of('.') || input.find_first_of('.') == 0)
    {
        std::cout << "[RAISR ERROR] " << file_type << " corrupted: " << path << std::endl;
        return RNLErrorBadParameter;
    }
    if (input.find_first_of('-') < 0xFFFF && input.find_first_of('.') < input.find_first_of('-'))
    {
        std::cout << "[RAISR ERROR] " << file_type << " corrupted: " << path << std::endl;
        return RNLErrorBadParameter;
    }
    return RNLErrorNone;
}

static RNLERRORTYPE ReadTrainedData(std::string hashtablePath, std::string QStrPath, std::string QCohPath, int pass)
{
    if (pass == 2)
    {
        hashtablePath += "_2";
        QStrPath += "_2";
        QCohPath += "_2";
    }
    auto &filterBuckets = (pass == 1) ? gFilterBuckets : gFilterBuckets2;
    auto &filterBuffer = (pass == 1) ? gFilterBuffer : gFilterBuffer2;
    auto &QStr = (pass == 1) ? gQStr : gQStr2;
    auto &QCoh = (pass == 1) ? gQCoh : gQCoh2;

    std::string line;
    // Read filter file
    std::ifstream filterFile(hashtablePath);
    if (!filterFile.is_open())
    {
        std::cout << "[RAISR ERROR] Unable to load model: " << hashtablePath << std::endl;
        return RNLErrorBadParameter;
    }
    std::getline(filterFile, line);
    std::istringstream filteriss(line);
    std::vector<std::string> filterTokens{std::istream_iterator<std::string>{filteriss},
                                          std::istream_iterator<std::string>{}};
    unsigned int hashkeySize = std::stoi(filterTokens[0].c_str());
    unsigned int pixelTypes = std::stoi(filterTokens[1].c_str());
    unsigned int rows = std::stoi(filterTokens[2].c_str());
    int aligned_rows = 16 * (int)((rows + 15) / 16);

    if (hashkeySize != gQuantizationAngle * gQuantizationStrength * gQuantizationCoherence)
    {
        std::cout << "[RAISR ERROR] HashTable format is not compatible in number of hash keys!\n";
        std::cout << hashkeySize << std::endl;
        return RNLErrorBadParameter;
    }

    if (pixelTypes != gRatio * gRatio)
    {
        std::cout << "[RAISR ERROR] HashTable format is not compatible in number of pixel types!\n";
        return RNLErrorBadParameter;
    }

    if (gPatchSize % 2 == 0 || rows != gPatchSize * gPatchSize)
    {
        std::cout << "[RAISR ERROR] HashTable format is not compatible in patch size!\n";
        return RNLErrorBadParameter;
    }

    // Allocate buffer to hold hashtable
    filterBuckets.clear();
    filterBuckets.resize(hashkeySize);
    for (auto i = 0; i < hashkeySize; i++)
    {
        filterBuckets[i].resize(pixelTypes);
    }

    // allocate contiguous memory to hold all filters
    filterBuffer = new float[aligned_rows * hashkeySize * pixelTypes + 16];
    uint64_t Aoffset = (uint64_t)filterBuffer & 0x3f;
    float *AFilters = &filterBuffer[16 - (int)(Aoffset / sizeof(float))];
    memset(AFilters, 0, sizeof(float) * aligned_rows * hashkeySize * pixelTypes);

    int num = 0;
    try
    {
        // Load hashtable
        while (getline(filterFile, line))
        {
            // too much lines in the file
            if (num > (hashkeySize * pixelTypes))
            {
                std::cout << "[RAISR ERROR] hashtable corrupted: " << hashtablePath << std::endl;
                return RNLErrorBadParameter;
            }
            int k = 0;
            std::istringstream new_iss(line);
            std::vector<std::string> new_tokens{std::istream_iterator<std::string>{new_iss},
                                                std::istream_iterator<std::string>{}};
            float *currentfilter = &AFilters[num * aligned_rows];

            for (const auto &value : new_tokens)
            {
                currentfilter[k] = std::stod(value.c_str());
                k++;
            }

            // not enough value or too much values
            if (k < rows || k > rows)
            {
                std::cout << "[RAISR ERROR] hashtable corrupted: " << hashtablePath << std::endl;
                return RNLErrorBadParameter;
            }
            filterBuckets[num / pixelTypes][num % pixelTypes] = currentfilter;
            num++;
        }
    }
    catch (const std::invalid_argument &)
    {
        std::cout << "[RAISR ERROR] hashtable corrupted: " << hashtablePath << std::endl;
        return RNLErrorBadParameter;
    }
    catch (const std::out_of_range &)
    {
        std::cout << "[RAISR ERROR] hashtable corrupted: " << hashtablePath << std::endl;
        return RNLErrorBadParameter;
    }

    // not enough lines in the file
    if (num < (hashkeySize * pixelTypes))
    {
        std::cout << "[RAISR ERROR] hashtable corrupted: " << hashtablePath << std::endl;
        return RNLErrorBadParameter;
    }
    filterFile.close();

    // Read QStr file
    std::ifstream Strfile(QStrPath);
    if (!Strfile.is_open())
    {
        std::cout << "[RAISR ERROR] Unable to load model: " << QStrPath << std::endl;
        return RNLErrorBadParameter;
    }
    QStr.clear();
    num = 0;
    try
    {
        while (Strfile >> line)
        {
            if (RNLErrorNone != VerifyTrainedData(line, "StrFile", QStrPath))
                return RNLErrorBadParameter;
            QStr.push_back(std::stod(line));
            num++;
        }
    }
    catch (const std::invalid_argument &)
    {
        std::cout << "[RAISR ERROR] StrFile corrupted: " << QStrPath << std::endl;
        return RNLErrorBadParameter;
    }
    catch (const std::out_of_range &)
    {
        std::cout << "[RAISR ERROR] StrFile corrupted: " << QStrPath << std::endl;
        return RNLErrorBadParameter;
    }
    if (num < (gQuantizationStrength - 1) || num > (gQuantizationStrength - 1))
    {
        std::cout << "[RAISR ERROR] StrFile corrupted: " << QStrPath << std::endl;
        return RNLErrorBadParameter;
    }
    Strfile.close();

    // Read QCoh file
    std::ifstream Cohfile(QCohPath);
    if (!Cohfile.is_open())
    {
        std::cout << "[RAISR ERROR] Unable to load model: " << QCohPath << std::endl;
        return RNLErrorBadParameter;
    }
    QCoh.clear();
    num = 0;
    try
    {
        while (Cohfile >> line)
        {
            if (RNLErrorNone != VerifyTrainedData(line, "CohFile", QCohPath))
                return RNLErrorBadParameter;
            QCoh.push_back(std::stod(line));
            num++;
        }
    }
    catch (const std::invalid_argument &)
    {
        std::cout << "[RAISR ERROR] CohFile corrupted: " << QCohPath << std::endl;
        return RNLErrorBadParameter;
    }
    catch (const std::out_of_range &)
    {
        std::cout << "[RAISR ERROR] CohFile corrupted: " << QCohPath << std::endl;
        return RNLErrorBadParameter;
    }
    if (num < (gQuantizationCoherence - 1) || num > (gQuantizationCoherence - 1))
    {
        std::cout << "[RAISR ERROR] CohFile corrupted: " << QCohPath << std::endl;
        return RNLErrorBadParameter;
    }
    Cohfile.close();

    return RNLErrorNone;
}

static IppStatus ippInit(IppiSize srcSize, Ipp32s srcStep, IppiSize dstSize, Ipp32s dstStep, IppiResizeSpec_32f **pSpec, Ipp8u **pBuffer)
{
    int specSize = 0, initSize = 0, bufSize = 0;
    Ipp8u *pInitBuf = 0;
    Ipp32u numChannels = 1;
    IppStatus status = ippStsNoErr;

    /* Spec and init buffer sizes */
    status = ippiResizeGetSize_8u(srcSize, dstSize, IPP_RESIZE_TYPE, 0, &specSize, &initSize);
    if (status != ippStsNoErr)
        return status;

    /* Memory allocation */
    pInitBuf = ippsMalloc_8u(initSize);
    *pSpec = (IppiResizeSpec_32f *)ippsMalloc_8u(specSize);
    if (pInitBuf == NULL || *pSpec == NULL)
    {
        ippsFree(pInitBuf);
        ippsFree(*pSpec);
        return ippStsNoMemErr;
    }

    /* Filter initialization */
    // 0, 0.75 is the value of OpenCV is using to config IPP cubic filter
    if (gBitDepth == 8)
    {
#ifdef USE_BICUBIC
        status = IPPRInit(8)(srcSize, dstSize, 0, 0.75, *pSpec, pInitBuf);
#elif USE_LANCZOS
        status = IPPRInit(8)(srcSize, dstSize, 3, *pSpec, pInitBuf);
#else
        status = IPPRInit(8)(srcSize, dstSize, *pSpec);
#endif
    }
    else
    {
#ifdef USE_BICUBIC
        status = IPPRInit(16)(srcSize, dstSize, 0, 0.75, *pSpec, pInitBuf);
#elif USE_LANCZOS
        status = IPPRInit(16)(srcSize, dstSize, 3, *pSpec, pInitBuf);
#else
        status = IPPRInit(16)(srcSize, dstSize, *pSpec);
#endif
    }

    ippsFree(pInitBuf);
    if (status != ippStsNoErr)
    {
        ippsFree(*pSpec);
        return status;
    }

    /* work buffer size */
    status = ippiResizeGetBufferSize_8u(*pSpec, dstSize, numChannels, &bufSize);
    if (status != ippStsNoErr)
    {
        ippsFree(*pSpec);
        return status;
    }

    *pBuffer = ippsMalloc_8u(bufSize);
    if (*pBuffer == NULL)
    {
        ippsFree(*pSpec);
        return ippStsNoMemErr;
    }

    return status;
}

enum class Axis
{
    NONE = 0,
    ROW,
    COL
};

// NumPy Reference: https://www.numpy.org/devdocs/reference/generated/numpy.gradient.html
template <typename DT>
RNLERRORTYPE gradient_for_reference(uint8_t *inArray, DT *outArray, unsigned int width /*cols*/, unsigned int height /*rows*/, unsigned int widthWithPadding, Axis inAxis = Axis::ROW)
{
    if (inAxis == Axis::ROW)
    {
        if (height < 2)
        {
            std::cout << "image size is too small to compute by ROW\n";
            return RNLErrorBadParameter;
        }

        // first do the first and last rows
        for (auto col = 0; col < width; ++col)
        {
            outArray[col] = static_cast<DT>(inArray[widthWithPadding + col] - inArray[col]);
        }
        for (auto col = 0; col < width; ++col)
        {
            outArray[(height - 1) * widthWithPadding + col] = static_cast<DT>(inArray[(height - 1) * widthWithPadding + col] - inArray[(height - 2) * widthWithPadding + col]);
        }

        // then rip through the rest of the array
        for (auto col = 0; col < width; ++col)
        {
            for (auto row = 1; row < height - 1; ++row)
            {
                outArray[row * widthWithPadding + col] = static_cast<DT>(inArray[(row + 1) * widthWithPadding + col] - inArray[(row - 1) * widthWithPadding + col]);
            }
        }
    }
    else if (inAxis == Axis::COL)
    {
        if (width < 2)
        {
            std::cout << "image size is too small to compute by COL\n";
            return RNLErrorBadParameter;
        }

        // first do the first and last columns
        for (auto row = 0; row < height; ++row)
        {
            outArray[row * widthWithPadding] = static_cast<DT>(inArray[row * widthWithPadding + 1] - inArray[row * widthWithPadding]);
            outArray[row * widthWithPadding + width - 1] = static_cast<DT>(inArray[row * widthWithPadding + width - 1] - inArray[row * widthWithPadding + width - 2]);
        }

        // then rip through the rest of the array
        for (auto row = 0; row < height; ++row)
        {
            for (auto col = 1; col < width - 1; ++col)
            {
                outArray[row * widthWithPadding + col] = static_cast<DT>(inArray[row * widthWithPadding + col + 1] - inArray[row * widthWithPadding + col - 1]);
            }
        }
    }
    else
    {
        std::cout << "gradient must be applied on either ROW or COL\n";
        return RNLErrorBadParameter;
    }
    return RNLErrorNone;
}

/************************************************************
 *   CT Blending functions
 ************************************************************/
template <typename DT>
static void CTRandomness_for_reference(DT *LRImage, DT *HRImage, DT *outImage, unsigned int width /*cols*/, unsigned int height /*rows*/, unsigned int widthWithPadding)
{
    for (auto r = CTmargin; r < height - CTmargin; r++)
    {
        for (auto c = CTmargin; c < width - CTmargin; c++)
        {
            int census = 0;
            // Census transform
            for (int i = -CTmargin; i <= CTmargin; i++)
            {
                for (int j = -CTmargin; j <= CTmargin; j++)
                {
                    if (unlikely(i == 0 && j == 0))
                        continue;
                    if (LRImage[(r + i) * widthWithPadding + (c + j)] < LRImage[r * widthWithPadding + c])
                        census++;
                }
            }

            double weight = (double)census / (double)CTnumberofPixel;
            outImage[r * widthWithPadding + c] = weight * HRImage[r * widthWithPadding + c] + (1 - weight) * LRImage[r * widthWithPadding + c];
        }
    }
}

template <typename DT>
static void CTCountOfBitsChanged_for_reference(DT *LRImage, DT *HRImage, DT *outImage, unsigned int width /*cols*/, unsigned int height /*rows*/, unsigned int widthWithPadding)
{
    for (auto r = CTmargin; r < height - CTmargin; r++)
    {
        for (auto c = CTmargin; c < width - CTmargin; c++)
        {
            int hammingDistance = 0;

            // Census transform
            for (int i = -CTmargin; i <= CTmargin; i++)
            {
                for (int j = -CTmargin; j <= CTmargin; j++)
                {
                    if (unlikely(i == 0 && j == 0))
                        continue;
                    hammingDistance += std::abs((LRImage[(r + i) * widthWithPadding + (c + j)] < LRImage[r * widthWithPadding + c] ? 1 : 0) - (HRImage[(r + i) * widthWithPadding + (c + j)] < HRImage[r * widthWithPadding + c] ? 1 : 0));
                }
            }
            DT weight = (DT)hammingDistance / (DT)CTnumberofPixel;
            outImage[r * widthWithPadding + c] = weight * LRImage[r * widthWithPadding + c] + (1 - weight) * HRImage[r * widthWithPadding + c];
        }
    }
}

inline void load3x3_ps(float *img, unsigned int width, unsigned int height, unsigned int stride, __m256 *out_8neighbors_ps, __m256 *out_center_ps)
{
    __m128i mask_3pixels = _mm_setr_epi32(-1, -1, -1, 0);
    int index = (height - 1) * stride + (width - 1);
    // load 3x3 grid for lr image, including center pixel plus 8 neighbors
    __m128 row1_f = _mm_maskload_ps(img + index, mask_3pixels);
    index += stride;
    __m128 row2_f = _mm_maskload_ps(img + index, mask_3pixels);
    index += stride;
    __m128 row3_f = _mm_maskload_ps(img + index, mask_3pixels);

    *out_center_ps = _mm256_broadcastss_ps(_mm_insert_ps(row2_f, row2_f, 0x40));
    // load 8 neighbors (32bit floats) into 256 reg from lr image
    __m128 rowlo_f = _mm_insert_ps(row1_f, row2_f, 0x30);
    __m128 rowhi_f = _mm_insert_ps(row3_f, row2_f, 0xB0);
    *out_8neighbors_ps = _mm256_insertf128_ps(_mm256_castps128_ps256(rowlo_f), rowhi_f, 1);
}

inline __m256i compare3x3_ps(__m256 a, __m256 b, __m256i highbit_epi32)
{
    // compare if neighbors < centerpixel, toggle bit in mask if true
    // when cmp_ps is true, it returns 0x7fffff (-nan).  When we convert that to int, it is 0x8000 0000

    return _mm256_srli_epi32(_mm256_and_si256(_mm256_cvtps_epi32(
                                                  _mm256_cmp_ps(a, b, _CMP_LT_OS)),
                                              highbit_epi32),
                             31); // shift right by 31 such that the high bit (if set) moves to the low bit
}
inline __mmask8 compare3x3_ps_AVX512(__m256 a, __m256 b)
{
    return _mm256_cmp_ps_mask(a, b, _CMP_LT_OS);
}

inline int sumitup_256_epi32(__m256i acc)
{
    const __m128i r4 = _mm_add_epi32(_mm256_castsi256_si128(acc), _mm256_extractf128_si256(acc, 1));
    const __m128i r2 = _mm_hadd_epi32(r4, r4);
    const __m128i r1 = _mm_hadd_epi32(r2, r2);
    return _mm_cvtsi128_si32(r1);
}

static void CTCountOfBitsChanged_AVX2(float *LRImage, float *HRImage, float *outImage, unsigned int width /*cols*/, unsigned int height /*rows*/, unsigned int widthWithPadding)
{

    for (auto r = CTmargin; r < height - CTmargin; r++)
    {
        for (auto c = CTmargin; c < width - CTmargin; c++)
        {
            int hammingDistance = 0;
            __m256 row_lr_f, row_hr_f, center_lr_f, center_hr_f;

            load3x3_ps(LRImage, c, r, widthWithPadding, &row_lr_f, &center_lr_f);
            load3x3_ps(HRImage, c, r, widthWithPadding, &row_hr_f, &center_hr_f);

            // compare if neighbors < centerpixel, toggle bit in mask if true
            int highbit = 0x80000000;
            const __m256i highbit_epi32 = _mm256_setr_epi32(highbit, highbit, highbit, highbit, highbit, highbit, highbit, highbit);

            __m256i cmp_lr_epi32 = compare3x3_ps(row_lr_f, center_lr_f, highbit_epi32);
            __m256i cmp_hr_epi32 = compare3x3_ps(row_hr_f, center_hr_f, highbit_epi32);

            // hammingDistance = abs( lr_cmp - hr_cmp )
            __m256i cmp_epi32 = _mm256_abs_epi32(_mm256_sub_epi32(cmp_lr_epi32, cmp_hr_epi32));
            // count # of bits in mask
            hammingDistance += sumitup_256_epi32(cmp_epi32);

            float weight = (float)hammingDistance / (float)CTnumberofPixel;
            outImage[r * widthWithPadding + c] = weight * LRImage[r * widthWithPadding + c] + (1 - weight) * HRImage[r * widthWithPadding + c];
        }
    }
}

// LRImage: cheap up scaled. HRImage: RAISR refined. outImage: output buffer in 8u.
// rows: rows of LRImage/HRImage. startRow: seg start row. blendingZone: zone to run blending.
// cols: stride for buffers in DT type.
// outImageCols: stride for outImage buffer
static void CTCountOfBitsChangedSegment_AVX2(float *LRImage, float *HRImage, const int rows, const int startRow, const std::pair<int, int> blendingZone, unsigned char *outImage, const int cols, const int outImageCols)
{
    int rowStartOffset = blendingZone.first - startRow;
    int rowEndOffset = blendingZone.second - startRow;
    for (auto r = rowStartOffset; r < rowEndOffset; r++)
    {
        for (auto c = CTmargin; c < cols - CTmargin; c++)
        {
            int hammingDistance = 0;
            __m256 row_lr_f, row_hr_f, center_lr_f, center_hr_f;

            load3x3_ps(LRImage, c, r, cols, &row_lr_f, &center_lr_f);
            load3x3_ps(HRImage, c, r, cols, &row_hr_f, &center_hr_f);

            // compare if neighbors < centerpixel, toggle bit in mask if true
            int highbit = 0x80000000;
            const __m256i highbit_epi32 = _mm256_setr_epi32(highbit, highbit, highbit, highbit, highbit, highbit, highbit, highbit);

            __m256i cmp_lr_epi32 = compare3x3_ps(row_lr_f, center_lr_f, highbit_epi32);
            __m256i cmp_hr_epi32 = compare3x3_ps(row_hr_f, center_hr_f, highbit_epi32);

            // hammingDistance = abs( lr_cmp - hr_cmp )
            __m256i cmp_epi32 = _mm256_abs_epi32(_mm256_sub_epi32(cmp_lr_epi32, cmp_hr_epi32));
            // count # of bits in mask
            hammingDistance += sumitup_256_epi32(cmp_epi32);

            float weight = (float)hammingDistance / (float)CTnumberofPixel;
            float val = weight * LRImage[r * cols + c] + (1 - weight) * HRImage[r * cols + c];
            val += 0.5; // to round the value
            // convert 32f to 8bit/10bit
            if (gBitDepth == 8)
            {
                outImage[(startRow + r) * outImageCols + c] = (unsigned char)(val < gMin8bit ? gMin8bit : (val > gMax8bit ? gMax8bit : val));
            }
            else
            {
                unsigned short *out = (unsigned short *)outImage;
                out[(startRow + r) * outImageCols + c] = (unsigned short)(val < gMin16bit ? gMin16bit : (val > gMax16bit ? gMax16bit : val));
            }
        }
    }
}

// LRImage: cheap up scaled. HRImage: RAISR refined. outImage: output buffer in 8u.
// rows: rows of LRImage/HRImage. startRow: seg start row. blendingZone: zone to run blending.
// cols: stride for buffers in DT type.
// outImageCols: stride for outImage buffer
template <typename DT>
static void CTCountOfBitsChangedSegment(DT *LRImage, DT *HRImage, const int rows, const int startRow, const std::pair<int, int> blendingZone, unsigned char *outImage, const int cols, const int outImageCols)
{
    // run census transform on a CTwindowSize * CTwindowSize block centered by [r, c]
    int rowStartOffset = blendingZone.first - startRow;
    int rowEndOffset = blendingZone.second - startRow;
    for (auto r = rowStartOffset; r < rowEndOffset; r++)
    {
        for (auto c = CTmargin; c < cols - CTmargin; c++)
        {
            int hammingDistance = 0;

            // Census transform
            for (int i = -CTmargin; i <= CTmargin; i++)
            {
                for (int j = -CTmargin; j <= CTmargin; j++)
                {
                    if (unlikely(i == 0 && j == 0))
                        continue;
                    hammingDistance += std::abs((LRImage[(r + i) * cols + (c + j)] < LRImage[r * cols + c] ? 1 : 0) - (HRImage[(r + i) * cols + (c + j)] < HRImage[r * cols + c] ? 1 : 0));
                }
            }
            DT weight = (DT)hammingDistance / (DT)CTnumberofPixel;
            float val = weight * LRImage[r * cols + c] + (1 - weight) * HRImage[r * cols + c];
            val += 0.5; // to round the value
            // convert 32f to 8bit/10bit
            if (gBitDepth == 8)
            {
                outImage[(startRow + r) * outImageCols + c] = (unsigned char)(val < gMin8bit ? gMin8bit : (val > gMax8bit ? gMax8bit : val));
            }
            else
            {
                unsigned short *out = (unsigned short *)outImage;
                out[(startRow + r) * outImageCols + c] = (unsigned short)(val < gMin16bit ? gMin16bit : (val > gMax16bit ? gMax16bit : val));
            }
        }
    }
}

int inline CTRandomness_C(float *inYUpscaled32f, int cols, int r, int c, int pix)
{
    // Census transform
    int census_count = 0;
